9	104
economic CODE	YEAR	QUARTAL	CPI	GNP82	M2SUPPLY	PERWELTH	TBILL
1	1	1962	1	0.00	0.00	0.00	265.70	0.00
2	2	1962	2	0.10	18.50	17.90	271.80	1.36
3	3	1962	3	0.10	16.70	13.90	272.60	0.06
4	4	1962	4	0.10	-3.00	18.90	268.90	0.04
5	5	1963	1	0.00	24.50	24.20	271.50	0.03
6	6	1963	2	0.10	25.40	21.50	273.80	0.07
7	7	1963	3	0.20	32.50	19.00	272.20	0.18
8	8	1963	4	0.10	13.60	17.60	282.30	0.28
9	9	1964	1	0.10	42.60	17.50	281.60	0.13
10	10	1964	2	0.00	16.70	19.70	285.10	-0.01
11	11	1964	3	0.20	19.80	24.30	285.80	-0.01
12	12	1964	4	0.10	8.50	21.80	303.00	0.11
13	13	1965	1	0.00	43.20	23.00	300.30	0.20
14	14	1965	2	0.30	29.50	12.20	309.40	0.10
15	15	1965	3	0.10	32.90	21.60	321.40	-0.02
16	16	1965	4	0.10	48.30	22.50	317.80	0.14
17	17	1966	1	0.30	42.50	13.40	318.20	0.39
18	18	1966	2	0.30	5.70	1.00	332.60	0.22
19	19	1966	3	0.30	22.50	-2.70	339.10	0.21
20	20	1966	4	0.30	10.90	2.10	356.00	0.33
21	21	1967	1	0.00	12.60	19.40	369.70	-0.26
22	22	1967	2	0.30	13.40	24.20	366.40	-0.79
23	23	1967	3	0.30	32.50	28.50	378.50	-0.09
24	24	1967	4	0.30	12.90	16.20	383.20	0.56
25	25	1968	1	0.40	26.70	6.70	381.20	0.36
26	26	1968	2	0.30	39.60	9.60	394.20	0.36
27	27	1968	3	0.50	18.40	8.90	394.20	0.09
28	28	1968	4	0.40	-2.30	17.10	407.20	0.03
29	29	1969	1	0.40	33.50	6.20	406.80	0.45
30	30	1969	2	0.60	3.30	-9.00	420.40	0.33
31	31	1969	3	0.60	13.40	-11.10	439.20	0.46
32	32	1969	4	0.50	-9.70	-9.50	442.20	0.54
33	33	1970	1	0.50	-14.90	-14.30	434.20	0.11
34	34	1970	2	0.60	-2.10	-9.20	456.40	-0.29
35	35	1970	3	0.50	29.30	14.30	449.90	-0.44
36	36	1970	4	0.50	-22.00	19.30	448.30	-0.69
37	37	1971	1	0.30	64.80	32.50	441.80	-1.26
38	38	1971	2	0.40	-0.20	47.80	456.70	-0.58
39	39	1971	3	0.50	12.70	28.10	454.30	0.60
40	40	1971	4	0.20	-0.10	37.00	451.40	0.01
41	41	1972	1	0.30	54.60	35.40	469.40	-0.81
42	42	1972	2	0.30	49.50	33.50	462.10	-0.24
43	43	1972	3	0.40	27.00	42.40	476.20	0.40
44	44	1972	4	0.40	49.20	40.40	511.90	0.55
45	45	1973	1	0.50	62.70	16.90	506.30	0.70
46	46	1973	2	1.00	7.00	-7.40	522.30	0.88
47	47	1973	3	1.00	-2.70	-6.80	536.70	1.38
48	48	1973	4	1.00	24.50	-23.00	569.50	0.42
49	49	1974	1	1.30	-15.40	-17.00	548.30	-0.40
50	50	1974	2	1.30	7.80	-24.10	523.90	0.41
51	51	1974	3	1.50	-35.90	-30.00	528.20	0.34
52	52	1974	4	1.50	-23.90	-31.20	543.50	-0.47
53	53	1975	1	0.90	-52.70	-1.70	507.90	-1.20
54	54	1975	2	0.80	26.90	41.60	506.30	-0.96
55	55	1975	3	1.20	45.30	24.90	507.30	0.23
56	56	1975	4	0.80	37.80	13.10	514.40	0.14
57	57	1976	1	0.60	51.70	35.80	509.90	-0.69
58	58	1976	2	0.70	12.50	39.20	516.40	-0.25
59	59	1976	3	0.90	11.70	19.70	517.80	0.11
60	60	1976	4	0.60	28.20	42.60	512.80	-0.24
61	61	1977	1	1.00	39.20	30.00	507.00	-0.28
62	62	1977	2	1.30	46.70	16.80	518.80	0.07
63	63	1977	3	0.90	59.10	20.00	537.30	0.42
64	64	1977	4	0.70	-7.70	16.10	537.10	0.65
65	65	1978	1	1.00	26.40	0.50	553.80	0.47
66	66	1978	2	1.60	95.40	-7.50	560.10	0.17
67	67	1978	3	1.60	26.70	-6.90	578.80	0.46
68	68	1978	4	1.30	39.00	-3.40	593.10	1.10
69	69	1979	1	1.70	0.10	-16.30	601.60	1.02
70	70	1979	2	2.40	-3.00	-22.10	598.10	0.34
71	71	1979	3	2.30	28.70	-9.10	597.80	0.14
72	72	1979	4	2.10	-6.10	-30.00	593.60	1.22
73	73	1980	1	3.00	32.10	-43.10	597.60	1.91
74	74	1980	2	2.90	-76.40	-45.30	600.70	-0.88
75	75	1980	3	1.50	2.10	35.30	603.60	-2.11
76	76	1980	4	2.20	40.10	-8.70	625.90	1.83
77	77	1981	1	2.30	61.90	-20.70	626.30	2.57
78	78	1981	2	2.00	-10.90	5.50	627.30	0.56
79	79	1981	3	2.60	14.40	-5.90	655.10	0.36
80	80	1981	4	1.30	-45.60	16.90	650.20	-1.40
81	81	1982	1	0.80	-48.60	23.90	629.20	-1.10
82	82	1982	2	1.40	9.50	4.30	638.20	0.17
83	83	1982	3	1.80	-25.40	14.20	614.10	-1.59
84	84	1982	4	0.20	4.80	37.90	601.40	-2.21
85	85	1983	1	0.00	27.30	95.00	591.80	-0.82
86	86	1983	2	1.20	71.70	30.30	578.90	0.25
87	87	1983	3	1.20	48.10	19.00	558.60	0.55
88	88	1983	4	0.90	58.70	20.70	592.20	0.18
89	89	1984	1	1.10	86.60	10.00	630.60	-0.03
90	90	1984	2	1.10	46.30	17.30	611.00	0.53
91	91	1984	3	1.10	22.60	14.80	632.80	0.61
92	92	1984	4	0.80	14.60	29.30	635.90	-0.43
93	93	1985	1	0.70	42.30	45.10	642.80	-1.08
94	94	1985	2	1.30	21.70	9.90	637.00	-0.73
95	95	1985	3	0.70	36.60	41.20	597.90	-0.54
96	96	1985	4	1.00	26.60	14.10	618.50	-0.18
97	97	1986	1	0.20	58.70	20.30	632.50	-0.11
98	98	1986	2	-0.20	-16.50	66.80	651.60	-0.51
99	99	1986	3	0.80	7.80	50.50	608.80	-0.68
100	100	1986	4	0.60	21.20	39.80	620.70	-0.39
101	101	1987	1	1.20	49.40	5.50	633.60	0.00
102	102	1987	2	1.50	40.50	-15.50	614.80	0.19
103	103	1987	3	1.30	49.30	-1.30	604.60	0.25
104	104	1987	4	1.00	62.80	7.20	678.30	0.13